-116.19225818663836
50.386697212234139
-116.19415149092674
50.38721077144146
-116.195108871907
50.387234576046467
-116.19625434279442
50.386892175301909
-116.19881392456591
50.386631833389401
-116.19971497915685
50.386126153171062
-116.20043900795281
50.386149706318974
-116.20122003369033
50.385472783818841
-116.20142564177513
50.385580072179437
-116.20202771387994
50.384491765871644
-116.20200013741851
50.38432203233242
-116.20289406739175
50.383631698787212
-116.20344299823046
50.383357694372535
-116.20380283333361
50.382914794608951
-116.20399536564946
50.382873639464378
-116.2045441288501
50.382383298128843
-116.20466264896095
50.381886586546898
-116.20517578907311
50.381525997072458
-116.20531643740833
50.381222236901522
-116.20588079094887
50.380766093730927
-116.20584935881197
50.380348674952984
-116.20609193108976
50.379985319450498
-116.20663147419691
50.379637638106942
-116.20683875866234
50.37928719073534
-116.207678290084
50.379137322306633
-116.20914554223418
50.378170302137733
-116.21105535887182
50.377784315496683
-116.21176999993622
50.377306044101715
-116.21203620918095
50.37730285897851
-116.21291999705136
50.376736577600241
-116.2132390961051
50.376347992569208
-116.21325820684433
50.375821776688099
-116.21293994598091
50.375624718144536
-116.21306031011045
50.375441154465079
-116.2143131531775
50.375278126448393
-116.21428146958351
50.374814858660102
-116.21454876847565
50.374379167333245
-116.21456176042557
50.374029474332929
-116.21550925076008
50.373096652328968
-116.215934548527
50.37284854799509
-116.21605566702783
50.372535567730665
-116.21532903984189
50.371083067730069
-116.21565844863653
50.370797915384173
-116.21609908528626
50.369743639603257
-116.21640452183783
50.369801474735141
-116.21648641303182
50.369674153625965
-116.2163439206779
50.369243072345853
-116.21673342771828
50.368935707956553
-116.21668389067054
50.368778379634023
-116.21708622202277
50.368390465155244
-116.21692302636802
50.367818986997008
-116.21773783117533
50.367168383672833
-116.21763867326081
50.366956992074847
-116.21780396439135
50.366648202762008
-116.21775618754327
50.366348214447498
-116.21828542090952
50.365232080221176
-116.21852430514991
50.36502655595541
-116.218979107216
50.364755820482969
-116.21933416463435
50.364762861281633
-116.21981293894351
50.364233963191509
-116.22045859694481
50.36404537037015
-116.22136007063091
50.363570787012577
-116.22155637480319
50.363630382344127
-116.22167866677046
50.363404490053654
-116.22291818261147
50.362705439329147
-116.2236659321934
50.362055841833353
-116.22361245565116
50.361922150477767
-116.22411025688052
50.361708831042051
-116.22443664819002
50.361719056963921
-116.2248642090708
50.361417979001999
-116.22515707276762
50.361013049259782
-116.22639533132315
50.360905257984996
-116.2264787312597
50.360517175868154
-116.22683487832546
50.360249457880855
-116.22697946615517
50.360373677685857
-116.22759327292442
50.36043981090188
-116.22859323397279
50.360903078690171
-116.22906731441617
50.360942222177982
-116.22936981730163
50.361269619315863
-116.23034815303981
50.361570781096816
-116.2294231262058
50.361304488033056
-116.2295335996896
50.361733976751566
-116.22968313284218
50.361782675608993
-116.22957701794803
50.361803462728858
-116.2291849963367
50.362587757408619
-116.22866732999682
50.363079188391566
-116.22838268056512
50.363664999604225
-116.22781723737717
50.363858370110393
-116.22738850302994
50.36419733427465
-116.22674225829542
50.365043068304658
-116.22663605958223
50.365609852597117
-116.22618871740997
50.366382161155343
-116.22543694451451
50.367121696472168
-116.22557365335524
50.367424283176661
-116.2255291454494
50.367679595947266
-116.22583701275289
50.368172954767942
-116.22572343796492
50.368414185941219
-116.22581102885306
50.368506470695138
-116.22557667084038
50.368760777637362
-116.22546728700399
50.369211556389928
-116.22530048713088
50.36938707344234
-116.22442767955363
50.369874984025955
-116.2242875341326
50.370247727259994
-116.22453379444778
50.370284356176853
-116.22433120384812
50.370166758075356
-116.22457897290587
50.370603203773499
-116.22485599480569
50.370787270367146
-116.22488658875227
50.371274594217539
-116.22440085746348
50.371557818725705
-116.22406926937401
50.372415790334344
-116.22409097850323
50.373003529384732
-116.22389081865549
50.373315503820777
-116.22398419305682
50.373351043090224
-116.22378026135266
50.373366381973028
-116.22405736707151
50.373094221577048
-116.22388972900808
50.372350160032511
-116.22427177615464
50.371764097362757
-116.22424403205514
50.371474418789148
-116.2247243989259
50.371399819850922
-116.22485624626279
50.370832784101367
-116.22325018979609
50.369148943573236
-116.22265130281448
50.368160298094153
-116.22153894044459
50.367173831909895
-116.22138513252139
50.366880213841796
-116.22147750109434
50.366447372362018
-116.22213707305491
50.365765085443854
-116.222401605919
50.365141807124019
-116.22216523624957
50.363965909928083
-116.22147825546563
50.363670950755477
-116.22086578980088
50.363974208012223
-116.22034007683396
50.364050231873989
-116.22023597359657
50.36422667093575
-116.2197492364794
50.36436790600419
-116.21984311379492
50.364514421671629
-116.2196525093168
50.364761352539063
-116.21852631680667
50.365308690816164
-116.21817318722606
50.366167919710279
-116.2182295974344
50.366707127541304
-116.21792634017766
50.367207275703549
-116.21738855727017
50.367535930126905
-116.21740708127618
50.368186114355922
-116.21706317178905
50.36859598942101
-116.21700424700975
50.368992621079087
-116.21656713075936
50.36923460662365
-116.21666394174099
50.369650684297085
-116.21617988683283
50.369823100045323
-116.21607234701514
50.370369767770171
-116.21546583250165
50.371122797951102
-116.21544127352536
50.37139336578548
-116.21591694653034
50.371918408200145
-116.2161404080689
50.372396511957049
-116.21605147607625
50.372399780899286
-116.21620134450495
50.372574962675571
-116.21612808667123
50.372752575203776
-116.21477181091905
50.37390056066215
-116.21444567106664
50.375204365700483
-116.21332400478423
50.375508712604642
-116.21326952241361
50.375634441152215
-116.21347663924098
50.375932669267058
-116.21347337029874
50.376328127458692
-116.21285344474018
50.376877645030618
-116.21092552319169
50.377806276082993
-116.2092861905694
50.378172062337399
-116.20787023566663
50.379032967612147
-116.20699809864163
50.379306133836508
-116.20600383728743
50.380309699103236
-116.20612671598792
50.380587810650468
-116.20493036694825
50.381668154150248
-116.20479826815426
50.3822629339993
-116.20229358784854
50.384191861376166
-116.20197323150933
50.384616488590837
-116.2018967885524
50.385079085826874
-116.20154935866594
50.385559033602476
-116.20120444335043
50.385455517098308
-116.20051955804229
50.386090027168393
-116.19984548538923
50.386097738519311
-116.19888835586607
50.386583134531975
-116.19699203409255
50.386727889999747
-116.19533870369196
50.387132316827774
-116.19438962079585
50.387225272133946
-116.19403171353042
50.387209262698889
-116.19232364930212
50.386696625500917
